Ts = 1.0e-4;

h = Ts;
r = 10.0;
h0 = h;
r0 = r;

R = 23.6347;
L = 0.02395;
K = 0.10369;
J = 3.10127e-6;
Kf = 1.10127e-5;